X		   Y
4,9619051777230396 4,6364136149970028
5,9279260154839868 3,4786235301206854
5,4451818742767069 3,5208755409987447
3,0906768572531904 5,5380220770211803
6,0693333309489805 4,0490133095976759
3,4974610833801343 5,4992923175988420
3,1676902286111162 -1,8068146429765486
4,2688955302506715 2,0745827538027251
4,1505157879749808 -2,5530002996452654
5,6274136832619543 -2,8871035367622389
4,3987654538239314 2,3853493094481086
4,1595477644961862 4,9337370325798870
2,6930786975331271 -3,1977445348849614
2,4803938801902503 -0,7386066916439908
4,9757321819429912 4,6149684558401809
4,0164461948822741 -1,5583097759428579
2,9211522910661767 4,0835584313952173
2,0739185586218971 6,3424321612180030
3,9006828428087306 -2,2787907503453839
5,0752678572439009 3,6701083020941234
3,9396363028834624 5,6668837219610859
4,0837235314451537 -0,9631491152904783
5,5622178616401285 -1,5400196068457837
4,4632714053198663 -3,6185487677643966
4,4015665513015989 -1,4403868940872302
5,5782084828111929 5,7157692667358280
4,7065623531965715 -1,9293147507374846
6,1328806800286788 -1,5510593853901535
4,5729059525065079 3,5826014602481462
3,5920465025818742 4,0883051835614168
5,7318442443676494 -2,8725995313738180
3,7574775122746420 5,5848365945030904
5,3316341387865966 -4,9397808087942980
6,6424726672613250 -2,6832444135659221
6,3627764504711628 4,0363026727959976
3,8944900098203403 3,4718429642147570
3,3927006058302558 -3,7006967329052483
3,9568111135509039 -2,1795607671273167
2,9519830713897921 4,2309805266497023
5,2066070236908342 -2,0796260611698991
6,2612422788362885 -2,0753665926216223
5,6670868228648947 4,3551792969562815
3,5719710671205753 5,0475707776071150
4,8377177209970856 -3,2789561920990291
4,5027062825691972 -1,6621552149809296
4,5090557293542401 4,1193425033201523
4,0647678617691980 4,1222760762084283
5,3044478342310510 -2,7128751026887041
3,2032270242148062 3,7476695824447011
5,1363817869353072 -2,2212042706341215
5,3292415910010105 -1,4253077355711299
5,0290285531241601 3,0116285234191302
5,9140497642560188 -2,5179686362784692
5,8279590145115137 -2,4602001919182803
4,3823924454487937 5,6403112328192435
5,3263727378439949 -0,5244797264173258
5,1986602261890500 4,7528618190022991
4,0720597875984845 -1,0147806151565888
4,1451342221276448 4,0231647419386452
4,7864858086446436 -2,0004348358102328
3,5245190679825167 5,2343913460805673
3,1443187567432052 5,9588078315873005
1,8903396231593348 4,2642872009547030
3,7090031120818314 -2,2402307647597688
4,6898541844177295 3,1394385302654433
3,8203583649560171 4,5728672098833059
4,0294063363895916 -2,2294700421587952
3,3379618692114303 4,5098112296335593
3,3128599285306546 4,8837401722927982
2,2098394341205725 4,3270284367628715
2,7048441523369195 5,4847247195022693
4,1737605433490694 6,3549990977463962
3,6784357561374112 -3,7929620429973583
4,3878125486026329 3,4232453719741116
5,3373866954553311 4,6859351975480674
4,7730982330917531 -3,2413556118007172
5,8997258365713137 -4,0257928444929689
3,8363913539420764 -2,2886006607599905
3,8991744521192744 1,8996464915022693
5,4260831976757160 -2,8827567107580085
5,4867633708961936 -1,7896021894335914
4,8003988714261201 -1,8205094876560250
1,8835292304286777 -3,5679254313840909
3,3567364579043328 5,2158716211565199
3,5494778661535000 -4,7563394912606469
3,3424439530862657 4,6870787375902117
7,0472932314676475 -4,3403188069391252
3,6262574699104477 -1,2748306308413446
4,2268932055141430 -3,7258150945245290
5,7789143297769652 -1,5068295919275623
4,2022231005392596 3,4839540488693954
2,8171383450299725 5,9421292585990333
1,9079861808894090 3,7156060155221695
5,8862973818480802 -2,0125182193392028
4,6670708687699971 -2,8564665608959516
4,6549737818150918 4,2226344051497620
4,0179318446229155 -2,1393916337096597
3,9195996230225059 5,5968098845379775
4,8099850048019679 -4,3014568320958402
5,0078077874344240 -3,8447894345890239
