1001 : 1, 7, 11, 13, 77, 91, 143, 1001, 
1002 : 1, 2, 3, 6, 167, 334, 501, 1002, 
1003 : 1, 17, 59, 1003, 
1004 : 1, 2, 4, 251, 502, 1004, 
1005 : 1, 3, 5, 15, 67, 201, 335, 1005, 
1006 : 1, 2, 503, 1006, 
1007 : 1, 19, 53, 1007, 
1008 : 1, 2, 3, 4, 6, 7, 8, 9, 12, 14, 16, 18, 21, 24, 28, 36, 42, 48, 56, 63, 72, 84, 112, 126, 144, 168, 252, 336, 504, 1008, 
1009 : 1, 1009, 
1010 : 1, 2, 5, 10, 101, 202, 505, 1010, 
1011 : 1, 3, 337, 1011, 
1012 : 1, 2, 4, 11, 22, 23, 44, 46, 92, 253, 506, 1012, 
1013 : 1, 1013, 
1014 : 1, 2, 3, 6, 13, 26, 39, 78, 169, 338, 507, 1014, 
1015 : 1, 5, 7, 29, 35, 145, 203, 1015, 
1016 : 1, 2, 4, 8, 127, 254, 508, 1016, 
1017 : 1, 3, 9, 113, 339, 1017, 
1018 : 1, 2, 509, 1018, 
1019 : 1, 1019, 
1020 : 1, 2, 3, 4, 5, 6, 10, 12, 15, 17, 20, 30, 34, 51, 60, 68, 85, 102, 170, 204, 255, 340, 510, 1020, 
1021 : 1, 1021, 
1022 : 1, 2, 7, 14, 73, 146, 511, 1022, 
1023 : 1, 3, 11, 31, 33, 93, 341, 1023, 
1024 : 1, 2, 4, 8, 16, 32, 64, 128, 256, 512, 1024, 
1025 : 1, 5, 25, 41, 205, 1025, 
1026 : 1, 2, 3, 6, 9, 18, 19, 27, 38, 54, 57, 114, 171, 342, 513, 1026, 
1027 : 1, 13, 79, 1027, 
1028 : 1, 2, 4, 257, 514, 1028, 
1029 : 1, 3, 7, 21, 49, 147, 343, 1029, 
1030 : 1, 2, 5, 10, 103, 206, 515, 1030, 
1031 : 1, 1031, 
1032 : 1, 2, 3, 4, 6, 8, 12, 24, 43, 86, 129, 172, 258, 344, 516, 1032, 
1033 : 1, 1033, 
1034 : 1, 2, 11, 22, 47, 94, 517, 1034, 
1035 : 1, 3, 5, 9, 15, 23, 45, 69, 115, 207, 345, 1035, 
1036 : 1, 2, 4, 7, 14, 28, 37, 74, 148, 259, 518, 1036, 
1037 : 1, 17, 61, 1037, 
1038 : 1, 2, 3, 6, 173, 346, 519, 1038, 
1039 : 1, 1039, 
1040 : 1, 2, 4, 5, 8, 10, 13, 16, 20, 26, 40, 52, 65, 80, 104, 130, 208, 260, 520, 1040, 
1041 : 1, 3, 347, 1041, 
1042 : 1, 2, 521, 1042, 
1043 : 1, 7, 149, 1043, 
1044 : 1, 2, 3, 4, 6, 9, 12, 18, 29, 36, 58, 87, 116, 174, 261, 348, 522, 1044, 
1045 : 1, 5, 11, 19, 55, 95, 209, 1045, 
1046 : 1, 2, 523, 1046, 
1047 : 1, 3, 349, 1047, 
1048 : 1, 2, 4, 8, 131, 262, 524, 1048, 
1049 : 1, 1049, 
1050 : 1, 2, 3, 5, 6, 7, 10, 14, 15, 21, 25, 30, 35, 42, 50, 70, 75, 105, 150, 175, 210, 350, 525, 1050, 
1051 : 1, 1051, 
1052 : 1, 2, 4, 263, 526, 1052, 
1053 : 1, 3, 9, 13, 27, 39, 81, 117, 351, 1053, 
1054 : 1, 2, 17, 31, 34, 62, 527, 1054, 
1055 : 1, 5, 211, 1055, 
1056 : 1, 2, 3, 4, 6, 8, 11, 12, 16, 22, 24, 32, 33, 44, 48, 66, 88, 96, 132, 176, 264, 352, 528, 1056, 
1057 : 1, 7, 151, 1057, 
1058 : 1, 2, 23, 46, 529, 1058, 
1059 : 1, 3, 353, 1059, 
1060 : 1, 2, 4, 5, 10, 20, 53, 106, 212, 265, 530, 1060, 
1061 : 1, 1061, 
1062 : 1, 2, 3, 6, 9, 18, 59, 118, 177, 354, 531, 1062, 
1063 : 1, 1063, 
1064 : 1, 2, 4, 7, 8, 14, 19, 28, 38, 56, 76, 133, 152, 266, 532, 1064, 
1065 : 1, 3, 5, 15, 71, 213, 355, 1065, 
1066 : 1, 2, 13, 26, 41, 82, 533, 1066, 
1067 : 1, 11, 97, 1067, 
1068 : 1, 2, 3, 4, 6, 12, 89, 178, 267, 356, 534, 1068, 
1069 : 1, 1069, 
1070 : 1, 2, 5, 10, 107, 214, 535, 1070, 
1071 : 1, 3, 7, 9, 17, 21, 51, 63, 119, 153, 357, 1071, 
1072 : 1, 2, 4, 8, 16, 67, 134, 268, 536, 1072, 
1073 : 1, 29, 37, 1073, 
1074 : 1, 2, 3, 6, 179, 358, 537, 1074, 
1075 : 1, 5, 25, 43, 215, 1075, 
1076 : 1, 2, 4, 269, 538, 1076, 
1077 : 1, 3, 359, 1077, 
1078 : 1, 2, 7, 11, 14, 22, 49, 77, 98, 154, 539, 1078, 
1079 : 1, 13, 83, 1079, 
1080 : 1, 2, 3, 4, 5, 6, 8, 9, 10, 12, 15, 18, 20, 24, 27, 30, 36, 40, 45, 54, 60, 72, 90, 108, 120, 135, 180, 216, 270, 360, 540, 1080, 
1081 : 1, 23, 47, 1081, 
1082 : 1, 2, 541, 1082, 
1083 : 1, 3, 19, 57, 361, 1083, 
1084 : 1, 2, 4, 271, 542, 1084, 
1085 : 1, 5, 7, 31, 35, 155, 217, 1085, 
1086 : 1, 2, 3, 6, 181, 362, 543, 1086, 
1087 : 1, 1087, 
1088 : 1, 2, 4, 8, 16, 17, 32, 34, 64, 68, 136, 272, 544, 1088, 
1089 : 1, 3, 9, 11, 33, 99, 121, 363, 1089, 
1090 : 1, 2, 5, 10, 109, 218, 545, 1090, 
1091 : 1, 1091, 
1092 : 1, 2, 3, 4, 6, 7, 12, 13, 14, 21, 26, 28, 39, 42, 52, 78, 84, 91, 156, 182, 273, 364, 546, 1092, 
1093 : 1, 1093, 
1094 : 1, 2, 547, 1094, 
1095 : 1, 3, 5, 15, 73, 219, 365, 1095, 
1096 : 1, 2, 4, 8, 137, 274, 548, 1096, 
1097 : 1, 1097, 
1098 : 1, 2, 3, 6, 9, 18, 61, 122, 183, 366, 549, 1098, 
1099 : 1, 7, 157, 1099, 
1100 : 1, 2, 4, 5, 10, 11, 20, 22, 25, 44, 50, 55, 100, 110, 220, 275, 550, 1100, 
1101 : 1, 3, 367, 1101, 
1102 : 1, 2, 19, 29, 38, 58, 551, 1102, 
1103 : 1, 1103, 
1104 : 1, 2, 3, 4, 6, 8, 12, 16, 23, 24, 46, 48, 69, 92, 138, 184, 276, 368, 552, 1104, 
1105 : 1, 5, 13, 17, 65, 85, 221, 1105, 
1106 : 1, 2, 7, 14, 79, 158, 553, 1106, 
1107 : 1, 3, 9, 27, 41, 123, 369, 1107, 
1108 : 1, 2, 4, 277, 554, 1108, 
1109 : 1, 1109, 
1110 : 1, 2, 3, 5, 6, 10, 15, 30, 37, 74, 111, 185, 222, 370, 555, 1110, 
1111 : 1, 11, 101, 1111, 
1112 : 1, 2, 4, 8, 139, 278, 556, 1112, 
1113 : 1, 3, 7, 21, 53, 159, 371, 1113, 
1114 : 1, 2, 557, 1114, 
1115 : 1, 5, 223, 1115, 
1116 : 1, 2, 3, 4, 6, 9, 12, 18, 31, 36, 62, 93, 124, 186, 279, 372, 558, 1116, 
1117 : 1, 1117, 
1118 : 1, 2, 13, 26, 43, 86, 559, 1118, 
1119 : 1, 3, 373, 1119, 
1120 : 1, 2, 4, 5, 7, 8, 10, 14, 16, 20, 28, 32, 35, 40, 56, 70, 80, 112, 140, 160, 224, 280, 560, 1120, 
1121 : 1, 19, 59, 1121, 
1122 : 1, 2, 3, 6, 11, 17, 22, 33, 34, 51, 66, 102, 187, 374, 561, 1122, 
1123 : 1, 1123, 
1124 : 1, 2, 4, 281, 562, 1124, 
1125 : 1, 3, 5, 9, 15, 25, 45, 75, 125, 225, 375, 1125, 
1126 : 1, 2, 563, 1126, 
1127 : 1, 7, 23, 49, 161, 1127, 
1128 : 1, 2, 3, 4, 6, 8, 12, 24, 47, 94, 141, 188, 282, 376, 564, 1128, 
1129 : 1, 1129, 
1130 : 1, 2, 5, 10, 113, 226, 565, 1130, 
1131 : 1, 3, 13, 29, 39, 87, 377, 1131, 
1132 : 1, 2, 4, 283, 566, 1132, 
1133 : 1, 11, 103, 1133, 
1134 : 1, 2, 3, 6, 7, 9, 14, 18, 21, 27, 42, 54, 63, 81, 126, 162, 189, 378, 567, 1134, 
1135 : 1, 5, 227, 1135, 
1136 : 1, 2, 4, 8, 16, 71, 142, 284, 568, 1136, 
1137 : 1, 3, 379, 1137, 
1138 : 1, 2, 569, 1138, 
1139 : 1, 17, 67, 1139, 
1140 : 1, 2, 3, 4, 5, 6, 10, 12, 15, 19, 20, 30, 38, 57, 60, 76, 95, 114, 190, 228, 285, 380, 570, 1140, 
1141 : 1, 7, 163, 1141, 
1142 : 1, 2, 571, 1142, 
1143 : 1, 3, 9, 127, 381, 1143, 
1144 : 1, 2, 4, 8, 11, 13, 22, 26, 44, 52, 88, 104, 143, 286, 572, 1144, 
1145 : 1, 5, 229, 1145, 
1146 : 1, 2, 3, 6, 191, 382, 573, 1146, 
1147 : 1, 31, 37, 1147, 
1148 : 1, 2, 4, 7, 14, 28, 41, 82, 164, 287, 574, 1148, 
1149 : 1, 3, 383, 1149, 
1150 : 1, 2, 5, 10, 23, 25, 46, 50, 115, 230, 575, 1150, 
1151 : 1, 1151, 
1152 : 1, 2, 3, 4, 6, 8, 9, 12, 16, 18, 24, 32, 36, 48, 64, 72, 96, 128, 144, 192, 288, 384, 576, 1152, 
1153 : 1, 1153, 
1154 : 1, 2, 577, 1154, 
1155 : 1, 3, 5, 7, 11, 15, 21, 33, 35, 55, 77, 105, 165, 231, 385, 1155, 
1156 : 1, 2, 4, 17, 34, 68, 289, 578, 1156, 
1157 : 1, 13, 89, 1157, 
1158 : 1, 2, 3, 6, 193, 386, 579, 1158, 
1159 : 1, 19, 61, 1159, 
1160 : 1, 2, 4, 5, 8, 10, 20, 29, 40, 58, 116, 145, 232, 290, 580, 1160, 
1161 : 1, 3, 9, 27, 43, 129, 387, 1161, 
1162 : 1, 2, 7, 14, 83, 166, 581, 1162, 
1163 : 1, 1163, 
1164 : 1, 2, 3, 4, 6, 12, 97, 194, 291, 388, 582, 1164, 
1165 : 1, 5, 233, 1165, 
1166 : 1, 2, 11, 22, 53, 106, 583, 1166, 
1167 : 1, 3, 389, 1167, 
1168 : 1, 2, 4, 8, 16, 73, 146, 292, 584, 1168, 
1169 : 1, 7, 167, 1169, 
1170 : 1, 2, 3, 5, 6, 9, 10, 13, 15, 18, 26, 30, 39, 45, 65, 78, 90, 117, 130, 195, 234, 390, 585, 1170, 
1171 : 1, 1171, 
1172 : 1, 2, 4, 293, 586, 1172, 
1173 : 1, 3, 17, 23, 51, 69, 391, 1173, 
1174 : 1, 2, 587, 1174, 
1175 : 1, 5, 25, 47, 235, 1175, 
1176 : 1, 2, 3, 4, 6, 7, 8, 12, 14, 21, 24, 28, 42, 49, 56, 84, 98, 147, 168, 196, 294, 392, 588, 1176, 
1177 : 1, 11, 107, 1177, 
1178 : 1, 2, 19, 31, 38, 62, 589, 1178, 
1179 : 1, 3, 9, 131, 393, 1179, 
1180 : 1, 2, 4, 5, 10, 20, 59, 118, 236, 295, 590, 1180, 
1181 : 1, 1181, 
1182 : 1, 2, 3, 6, 197, 394, 591, 1182, 
1183 : 1, 7, 13, 91, 169, 1183, 
1184 : 1, 2, 4, 8, 16, 32, 37, 74, 148, 296, 592, 1184, 
1185 : 1, 3, 5, 15, 79, 237, 395, 1185, 
1186 : 1, 2, 593, 1186, 
1187 : 1, 1187, 
1188 : 1, 2, 3, 4, 6, 9, 11, 12, 18, 22, 27, 33, 36, 44, 54, 66, 99, 108, 132, 198, 297, 396, 594, 1188, 
1189 : 1, 29, 41, 1189, 
1190 : 1, 2, 5, 7, 10, 14, 17, 34, 35, 70, 85, 119, 170, 238, 595, 1190, 
1191 : 1, 3, 397, 1191, 
1192 : 1, 2, 4, 8, 149, 298, 596, 1192, 
1193 : 1, 1193, 
1194 : 1, 2, 3, 6, 199, 398, 597, 1194, 
1195 : 1, 5, 239, 1195, 
1196 : 1, 2, 4, 13, 23, 26, 46, 52, 92, 299, 598, 1196, 
1197 : 1, 3, 7, 9, 19, 21, 57, 63, 133, 171, 399, 1197, 
1198 : 1, 2, 599, 1198, 
1199 : 1, 11, 109, 1199, 
1200 : 1, 2, 3, 4, 5, 6, 8, 10, 12, 15, 16, 20, 24, 25, 30, 40, 48, 50, 60, 75, 80, 100, 120, 150, 200, 240, 300, 400, 600, 1200, 
1201 : 1, 1201, 
1202 : 1, 2, 601, 1202, 
1203 : 1, 3, 401, 1203, 
1204 : 1, 2, 4, 7, 14, 28, 43, 86, 172, 301, 602, 1204, 
1205 : 1, 5, 241, 1205, 
1206 : 1, 2, 3, 6, 9, 18, 67, 134, 201, 402, 603, 1206, 
1207 : 1, 17, 71, 1207, 
1208 : 1, 2, 4, 8, 151, 302, 604, 1208, 
1209 : 1, 3, 13, 31, 39, 93, 403, 1209, 
1210 : 1, 2, 5, 10, 11, 22, 55, 110, 121, 242, 605, 1210, 
1211 : 1, 7, 173, 1211, 
1212 : 1, 2, 3, 4, 6, 12, 101, 202, 303, 404, 606, 1212, 
1213 : 1, 1213, 
1214 : 1, 2, 607, 1214, 
1215 : 1, 3, 5, 9, 15, 27, 45, 81, 135, 243, 405, 1215, 
1216 : 1, 2, 4, 8, 16, 19, 32, 38, 64, 76, 152, 304, 608, 1216, 
1217 : 1, 1217, 
1218 : 1, 2, 3, 6, 7, 14, 21, 29, 42, 58, 87, 174, 203, 406, 609, 1218, 
1219 : 1, 23, 53, 1219, 
1220 : 1, 2, 4, 5, 10, 20, 61, 122, 244, 305, 610, 1220, 
1221 : 1, 3, 11, 33, 37, 111, 407, 1221, 
1222 : 1, 2, 13, 26, 47, 94, 611, 1222, 
1223 : 1, 1223, 
1224 : 1, 2, 3, 4, 6, 8, 9, 12, 17, 18, 24, 34, 36, 51, 68, 72, 102, 136, 153, 204, 306, 408, 612, 1224, 
1225 : 1, 5, 7, 25, 35, 49, 175, 245, 1225, 
1226 : 1, 2, 613, 1226, 
1227 : 1, 3, 409, 1227, 
1228 : 1, 2, 4, 307, 614, 1228, 
1229 : 1, 1229, 
1230 : 1, 2, 3, 5, 6, 10, 15, 30, 41, 82, 123, 205, 246, 410, 615, 1230, 
1231 : 1, 1231, 
1232 : 1, 2, 4, 7, 8, 11, 14, 16, 22, 28, 44, 56, 77, 88, 112, 154, 176, 308, 616, 1232, 
1233 : 1, 3, 9, 137, 411, 1233, 
1234 : 1, 2, 617, 1234, 
1235 : 1, 5, 13, 19, 65, 95, 247, 1235, 
1236 : 1, 2, 3, 4, 6, 12, 103, 206, 309, 412, 618, 1236, 
1237 : 1, 1237, 
1238 : 1, 2, 619, 1238, 
1239 : 1, 3, 7, 21, 59, 177, 413, 1239, 
1240 : 1, 2, 4, 5, 8, 10, 20, 31, 40, 62, 124, 155, 248, 310, 620, 1240, 
1241 : 1, 17, 73, 1241, 
1242 : 1, 2, 3, 6, 9, 18, 23, 27, 46, 54, 69, 138, 207, 414, 621, 1242, 
1243 : 1, 11, 113, 1243, 
1244 : 1, 2, 4, 311, 622, 1244, 
1245 : 1, 3, 5, 15, 83, 249, 415, 1245, 
1246 : 1, 2, 7, 14, 89, 178, 623, 1246, 
1247 : 1, 29, 43, 1247, 
1248 : 1, 2, 3, 4, 6, 8, 12, 13, 16, 24, 26, 32, 39, 48, 52, 78, 96, 104, 156, 208, 312, 416, 624, 1248, 
1249 : 1, 1249, 
1250 : 1, 2, 5, 10, 25, 50, 125, 250, 625, 1250, 
1251 : 1, 3, 9, 139, 417, 1251, 
1252 : 1, 2, 4, 313, 626, 1252, 
1253 : 1, 7, 179, 1253, 
1254 : 1, 2, 3, 6, 11, 19, 22, 33, 38, 57, 66, 114, 209, 418, 627, 1254, 
1255 : 1, 5, 251, 1255, 
1256 : 1, 2, 4, 8, 157, 314, 628, 1256, 
1257 : 1, 3, 419, 1257, 
1258 : 1, 2, 17, 34, 37, 74, 629, 1258, 
1259 : 1, 1259, 
1260 : 1, 2, 3, 4, 5, 6, 7, 9, 10, 12, 14, 15, 18, 20, 21, 28, 30, 35, 36, 42, 45, 60, 63, 70, 84, 90, 105, 126, 140, 180, 210, 252, 315, 420, 630, 1260, 
1261 : 1, 13, 97, 1261, 
1262 : 1, 2, 631, 1262, 
1263 : 1, 3, 421, 1263, 
1264 : 1, 2, 4, 8, 16, 79, 158, 316, 632, 1264, 
1265 : 1, 5, 11, 23, 55, 115, 253, 1265, 
1266 : 1, 2, 3, 6, 211, 422, 633, 1266, 
1267 : 1, 7, 181, 1267, 
1268 : 1, 2, 4, 317, 634, 1268, 
1269 : 1, 3, 9, 27, 47, 141, 423, 1269, 
1270 : 1, 2, 5, 10, 127, 254, 635, 1270, 
1271 : 1, 31, 41, 1271, 
1272 : 1, 2, 3, 4, 6, 8, 12, 24, 53, 106, 159, 212, 318, 424, 636, 1272, 
1273 : 1, 19, 67, 1273, 
1274 : 1, 2, 7, 13, 14, 26, 49, 91, 98, 182, 637, 1274, 
1275 : 1, 3, 5, 15, 17, 25, 51, 75, 85, 255, 425, 1275, 
1276 : 1, 2, 4, 11, 22, 29, 44, 58, 116, 319, 638, 1276, 
1277 : 1, 1277, 
1278 : 1, 2, 3, 6, 9, 18, 71, 142, 213, 426, 639, 1278, 
1279 : 1, 1279, 
1280 : 1, 2, 4, 5, 8, 10, 16, 20, 32, 40, 64, 80, 128, 160, 256, 320, 640, 1280, 
1281 : 1, 3, 7, 21, 61, 183, 427, 1281, 
1282 : 1, 2, 641, 1282, 
1283 : 1, 1283, 
1284 : 1, 2, 3, 4, 6, 12, 107, 214, 321, 428, 642, 1284, 
1285 : 1, 5, 257, 1285, 
1286 : 1, 2, 643, 1286, 
1287 : 1, 3, 9, 11, 13, 33, 39, 99, 117, 143, 429, 1287, 
1288 : 1, 2, 4, 7, 8, 14, 23, 28, 46, 56, 92, 161, 184, 322, 644, 1288, 
1289 : 1, 1289, 
1290 : 1, 2, 3, 5, 6, 10, 15, 30, 43, 86, 129, 215, 258, 430, 645, 1290, 
1291 : 1, 1291, 
1292 : 1, 2, 4, 17, 19, 34, 38, 68, 76, 323, 646, 1292, 
1293 : 1, 3, 431, 1293, 
1294 : 1, 2, 647, 1294, 
1295 : 1, 5, 7, 35, 37, 185, 259, 1295, 
1296 : 1, 2, 3, 4, 6, 8, 9, 12, 16, 18, 24, 27, 36, 48, 54, 72, 81, 108, 144, 162, 216, 324, 432, 648, 1296, 
1297 : 1, 1297, 
1298 : 1, 2, 11, 22, 59, 118, 649, 1298, 
1299 : 1, 3, 433, 1299, 
1300 : 1, 2, 4, 5, 10, 13, 20, 25, 26, 50, 52, 65, 100, 130, 260, 325, 650, 1300, 
1301 : 1, 1301, 
1302 : 1, 2, 3, 6, 7, 14, 21, 31, 42, 62, 93, 186, 217, 434, 651, 1302, 
1303 : 1, 1303, 
1304 : 1, 2, 4, 8, 163, 326, 652, 1304, 
1305 : 1, 3, 5, 9, 15, 29, 45, 87, 145, 261, 435, 1305, 
1306 : 1, 2, 653, 1306, 
1307 : 1, 1307, 
1308 : 1, 2, 3, 4, 6, 12, 109, 218, 327, 436, 654, 1308, 
1309 : 1, 7, 11, 17, 77, 119, 187, 1309, 
1310 : 1, 2, 5, 10, 131, 262, 655, 1310, 
1311 : 1, 3, 19, 23, 57, 69, 437, 1311, 
1312 : 1, 2, 4, 8, 16, 32, 41, 82, 164, 328, 656, 1312, 
1313 : 1, 13, 101, 1313, 
1314 : 1, 2, 3, 6, 9, 18, 73, 146, 219, 438, 657, 1314, 
1315 : 1, 5, 263, 1315, 
1316 : 1, 2, 4, 7, 14, 28, 47, 94, 188, 329, 658, 1316, 
1317 : 1, 3, 439, 1317, 
1318 : 1, 2, 659, 1318, 
1319 : 1, 1319, 
1320 : 1, 2, 3, 4, 5, 6, 8, 10, 11, 12, 15, 20, 22, 24, 30, 33, 40, 44, 55, 60, 66, 88, 110, 120, 132, 165, 220, 264, 330, 440, 660, 1320, 
1321 : 1, 1321, 
1322 : 1, 2, 661, 1322, 
1323 : 1, 3, 7, 9, 21, 27, 49, 63, 147, 189, 441, 1323, 
1324 : 1, 2, 4, 331, 662, 1324, 
1325 : 1, 5, 25, 53, 265, 1325, 
1326 : 1, 2, 3, 6, 13, 17, 26, 34, 39, 51, 78, 102, 221, 442, 663, 1326, 
1327 : 1, 1327, 
1328 : 1, 2, 4, 8, 16, 83, 166, 332, 664, 1328, 
1329 : 1, 3, 443, 1329, 
1330 : 1, 2, 5, 7, 10, 14, 19, 35, 38, 70, 95, 133, 190, 266, 665, 1330, 
1331 : 1, 11, 121, 1331, 
1332 : 1, 2, 3, 4, 6, 9, 12, 18, 36, 37, 74, 111, 148, 222, 333, 444, 666, 1332, 
1333 : 1, 31, 43, 1333, 
1334 : 1, 2, 23, 29, 46, 58, 667, 1334, 
1335 : 1, 3, 5, 15, 89, 267, 445, 1335, 
1336 : 1, 2, 4, 8, 167, 334, 668, 1336, 
1337 : 1, 7, 191, 1337, 
1338 : 1, 2, 3, 6, 223, 446, 669, 1338, 
1339 : 1, 13, 103, 1339, 
1340 : 1, 2, 4, 5, 10, 20, 67, 134, 268, 335, 670, 1340, 
1341 : 1, 3, 9, 149, 447, 1341, 
1342 : 1, 2, 11, 22, 61, 122, 671, 1342, 
1343 : 1, 17, 79, 1343, 
1344 : 1, 2, 3, 4, 6, 7, 8, 12, 14, 16, 21, 24, 28, 32, 42, 48, 56, 64, 84, 96, 112, 168, 192, 224, 336, 448, 672, 1344, 
1345 : 1, 5, 269, 1345, 
1346 : 1, 2, 673, 1346, 
1347 : 1, 3, 449, 1347, 
1348 : 1, 2, 4, 337, 674, 1348, 
1349 : 1, 19, 71, 1349, 
1350 : 1, 2, 3, 5, 6, 9, 10, 15, 18, 25, 27, 30, 45, 50, 54, 75, 90, 135, 150, 225, 270, 450, 675, 1350, 
1351 : 1, 7, 193, 1351, 
1352 : 1, 2, 4, 8, 13, 26, 52, 104, 169, 338, 676, 1352, 
1353 : 1, 3, 11, 33, 41, 123, 451, 1353, 
1354 : 1, 2, 677, 1354, 
1355 : 1, 5, 271, 1355, 
1356 : 1, 2, 3, 4, 6, 12, 113, 226, 339, 452, 678, 1356, 
1357 : 1, 23, 59, 1357, 
1358 : 1, 2, 7, 14, 97, 194, 679, 1358, 
1359 : 1, 3, 9, 151, 453, 1359, 
1360 : 1, 2, 4, 5, 8, 10, 16, 17, 20, 34, 40, 68, 80, 85, 136, 170, 272, 340, 680, 1360, 
1361 : 1, 1361, 
1362 : 1, 2, 3, 6, 227, 454, 681, 1362, 
1363 : 1, 29, 47, 1363, 
1364 : 1, 2, 4, 11, 22, 31, 44, 62, 124, 341, 682, 1364, 
1365 : 1, 3, 5, 7, 13, 15, 21, 35, 39, 65, 91, 105, 195, 273, 455, 1365, 
1366 : 1, 2, 683, 1366, 
1367 : 1, 1367, 
1368 : 1, 2, 3, 4, 6, 8, 9, 12, 18, 19, 24, 36, 38, 57, 72, 76, 114, 152, 171, 228, 342, 456, 684, 1368, 
1369 : 1, 37, 1369, 
1370 : 1, 2, 5, 10, 137, 274, 685, 1370, 
1371 : 1, 3, 457, 1371, 
1372 : 1, 2, 4, 7, 14, 28, 49, 98, 196, 343, 686, 1372, 
1373 : 1, 1373, 
1374 : 1, 2, 3, 6, 229, 458, 687, 1374, 
1375 : 1, 5, 11, 25, 55, 125, 275, 1375, 
1376 : 1, 2, 4, 8, 16, 32, 43, 86, 172, 344, 688, 1376, 
1377 : 1, 3, 9, 17, 27, 51, 81, 153, 459, 1377, 
1378 : 1, 2, 13, 26, 53, 106, 689, 1378, 
1379 : 1, 7, 197, 1379, 
1380 : 1, 2, 3, 4, 5, 6, 10, 12, 15, 20, 23, 30, 46, 60, 69, 92, 115, 138, 230, 276, 345, 460, 690, 1380, 
1381 : 1, 1381, 
1382 : 1, 2, 691, 1382, 
1383 : 1, 3, 461, 1383, 
1384 : 1, 2, 4, 8, 173, 346, 692, 1384, 
1385 : 1, 5, 277, 1385, 
1386 : 1, 2, 3, 6, 7, 9, 11, 14, 18, 21, 22, 33, 42, 63, 66, 77, 99, 126, 154, 198, 231, 462, 693, 1386, 
1387 : 1, 19, 73, 1387, 
1388 : 1, 2, 4, 347, 694, 1388, 
1389 : 1, 3, 463, 1389, 
1390 : 1, 2, 5, 10, 139, 278, 695, 1390, 
1391 : 1, 13, 107, 1391, 
1392 : 1, 2, 3, 4, 6, 8, 12, 16, 24, 29, 48, 58, 87, 116, 174, 232, 348, 464, 696, 1392, 
1393 : 1, 7, 199, 1393, 
1394 : 1, 2, 17, 34, 41, 82, 697, 1394, 
1395 : 1, 3, 5, 9, 15, 31, 45, 93, 155, 279, 465, 1395, 
1396 : 1, 2, 4, 349, 698, 1396, 
1397 : 1, 11, 127, 1397, 
1398 : 1, 2, 3, 6, 233, 466, 699, 1398, 
1399 : 1, 1399, 
1400 : 1, 2, 4, 5, 7, 8, 10, 14, 20, 25, 28, 35, 40, 50, 56, 70, 100, 140, 175, 200, 280, 350, 700, 1400, 
1401 : 1, 3, 467, 1401, 
1402 : 1, 2, 701, 1402, 
1403 : 1, 23, 61, 1403, 
1404 : 1, 2, 3, 4, 6, 9, 12, 13, 18, 26, 27, 36, 39, 52, 54, 78, 108, 117, 156, 234, 351, 468, 702, 1404, 
1405 : 1, 5, 281, 1405, 
1406 : 1, 2, 19, 37, 38, 74, 703, 1406, 
1407 : 1, 3, 7, 21, 67, 201, 469, 1407, 
1408 : 1, 2, 4, 8, 11, 16, 22, 32, 44, 64, 88, 128, 176, 352, 704, 1408, 
1409 : 1, 1409, 
1410 : 1, 2, 3, 5, 6, 10, 15, 30, 47, 94, 141, 235, 282, 470, 705, 1410, 
1411 : 1, 17, 83, 1411, 
1412 : 1, 2, 4, 353, 706, 1412, 
1413 : 1, 3, 9, 157, 471, 1413, 
1414 : 1, 2, 7, 14, 101, 202, 707, 1414, 
1415 : 1, 5, 283, 1415, 
1416 : 1, 2, 3, 4, 6, 8, 12, 24, 59, 118, 177, 236, 354, 472, 708, 1416, 
1417 : 1, 13, 109, 1417, 
1418 : 1, 2, 709, 1418, 
1419 : 1, 3, 11, 33, 43, 129, 473, 1419, 
1420 : 1, 2, 4, 5, 10, 20, 71, 142, 284, 355, 710, 1420, 
1421 : 1, 7, 29, 49, 203, 1421, 
1422 : 1, 2, 3, 6, 9, 18, 79, 158, 237, 474, 711, 1422, 
1423 : 1, 1423, 
1424 : 1, 2, 4, 8, 16, 89, 178, 356, 712, 1424, 
1425 : 1, 3, 5, 15, 19, 25, 57, 75, 95, 285, 475, 1425, 
1426 : 1, 2, 23, 31, 46, 62, 713, 1426, 
1427 : 1, 1427, 
1428 : 1, 2, 3, 4, 6, 7, 12, 14, 17, 21, 28, 34, 42, 51, 68, 84, 102, 119, 204, 238, 357, 476, 714, 1428, 
1429 : 1, 1429, 
1430 : 1, 2, 5, 10, 11, 13, 22, 26, 55, 65, 110, 130, 143, 286, 715, 1430, 
1431 : 1, 3, 9, 27, 53, 159, 477, 1431, 
1432 : 1, 2, 4, 8, 179, 358, 716, 1432, 
1433 : 1, 1433, 
1434 : 1, 2, 3, 6, 239, 478, 717, 1434, 
1435 : 1, 5, 7, 35, 41, 205, 287, 1435, 
1436 : 1, 2, 4, 359, 718, 1436, 
1437 : 1, 3, 479, 1437, 
1438 : 1, 2, 719, 1438, 
1439 : 1, 1439, 
1440 : 1, 2, 3, 4, 5, 6, 8, 9, 10, 12, 15, 16, 18, 20, 24, 30, 32, 36, 40, 45, 48, 60, 72, 80, 90, 96, 120, 144, 160, 180, 240, 288, 360, 480, 720, 1440, 
1441 : 1, 11, 131, 1441, 
1442 : 1, 2, 7, 14, 103, 206, 721, 1442, 
1443 : 1, 3, 13, 37, 39, 111, 481, 1443, 
1444 : 1, 2, 4, 19, 38, 76, 361, 722, 1444, 
1445 : 1, 5, 17, 85, 289, 1445, 
1446 : 1, 2, 3, 6, 241, 482, 723, 1446, 
1447 : 1, 1447, 
1448 : 1, 2, 4, 8, 181, 362, 724, 1448, 
1449 : 1, 3, 7, 9, 21, 23, 63, 69, 161, 207, 483, 1449, 
1450 : 1, 2, 5, 10, 25, 29, 50, 58, 145, 290, 725, 1450, 
1451 : 1, 1451, 
1452 : 1, 2, 3, 4, 6, 11, 12, 22, 33, 44, 66, 121, 132, 242, 363, 484, 726, 1452, 
1453 : 1, 1453, 
1454 : 1, 2, 727, 1454, 
1455 : 1, 3, 5, 15, 97, 291, 485, 1455, 
1456 : 1, 2, 4, 7, 8, 13, 14, 16, 26, 28, 52, 56, 91, 104, 112, 182, 208, 364, 728, 1456, 
1457 : 1, 31, 47, 1457, 
1458 : 1, 2, 3, 6, 9, 18, 27, 54, 81, 162, 243, 486, 729, 1458, 
1459 : 1, 1459, 
1460 : 1, 2, 4, 5, 10, 20, 73, 146, 292, 365, 730, 1460, 
1461 : 1, 3, 487, 1461, 
1462 : 1, 2, 17, 34, 43, 86, 731, 1462, 
1463 : 1, 7, 11, 19, 77, 133, 209, 1463, 
1464 : 1, 2, 3, 4, 6, 8, 12, 24, 61, 122, 183, 244, 366, 488, 732, 1464, 
1465 : 1, 5, 293, 1465, 
1466 : 1, 2, 733, 1466, 
1467 : 1, 3, 9, 163, 489, 1467, 
1468 : 1, 2, 4, 367, 734, 1468, 
1469 : 1, 13, 113, 1469, 
1470 : 1, 2, 3, 5, 6, 7, 10, 14, 15, 21, 30, 35, 42, 49, 70, 98, 105, 147, 210, 245, 294, 490, 735, 1470, 
1471 : 1, 1471, 
1472 : 1, 2, 4, 8, 16, 23, 32, 46, 64, 92, 184, 368, 736, 1472, 
1473 : 1, 3, 491, 1473, 
1474 : 1, 2, 11, 22, 67, 134, 737, 1474, 
1475 : 1, 5, 25, 59, 295, 1475, 
1476 : 1, 2, 3, 4, 6, 9, 12, 18, 36, 41, 82, 123, 164, 246, 369, 492, 738, 1476, 
1477 : 1, 7, 211, 1477, 
1478 : 1, 2, 739, 1478, 
1479 : 1, 3, 17, 29, 51, 87, 493, 1479, 
1480 : 1, 2, 4, 5, 8, 10, 20, 37, 40, 74, 148, 185, 296, 370, 740, 1480, 
1481 : 1, 1481, 
1482 : 1, 2, 3, 6, 13, 19, 26, 38, 39, 57, 78, 114, 247, 494, 741, 1482, 
1483 : 1, 1483, 
1484 : 1, 2, 4, 7, 14, 28, 53, 106, 212, 371, 742, 1484, 
1485 : 1, 3, 5, 9, 11, 15, 27, 33, 45, 55, 99, 135, 165, 297, 495, 1485, 
1486 : 1, 2, 743, 1486, 
1487 : 1, 1487, 
1488 : 1, 2, 3, 4, 6, 8, 12, 16, 24, 31, 48, 62, 93, 124, 186, 248, 372, 496, 744, 1488, 
1489 : 1, 1489, 
1490 : 1, 2, 5, 10, 149, 298, 745, 1490, 
1491 : 1, 3, 7, 21, 71, 213, 497, 1491, 
1492 : 1, 2, 4, 373, 746, 1492, 
1493 : 1, 1493, 
1494 : 1, 2, 3, 6, 9, 18, 83, 166, 249, 498, 747, 1494, 
1495 : 1, 5, 13, 23, 65, 115, 299, 1495, 
1496 : 1, 2, 4, 8, 11, 17, 22, 34, 44, 68, 88, 136, 187, 374, 748, 1496, 
1497 : 1, 3, 499, 1497, 
1498 : 1, 2, 7, 14, 107, 214, 749, 1498, 
1499 : 1, 1499, 
1500 : 1, 2, 3, 4, 5, 6, 10, 12, 15, 20, 25, 30, 50, 60, 75, 100, 125, 150, 250, 300, 375, 500, 750, 1500, 
1501 : 1, 19, 79, 1501, 
1502 : 1, 2, 751, 1502, 
1503 : 1, 3, 9, 167, 501, 1503, 
1504 : 1, 2, 4, 8, 16, 32, 47, 94, 188, 376, 752, 1504, 
1505 : 1, 5, 7, 35, 43, 215, 301, 1505, 
1506 : 1, 2, 3, 6, 251, 502, 753, 1506, 
1507 : 1, 11, 137, 1507, 
1508 : 1, 2, 4, 13, 26, 29, 52, 58, 116, 377, 754, 1508, 
1509 : 1, 3, 503, 1509, 
1510 : 1, 2, 5, 10, 151, 302, 755, 1510, 
1511 : 1, 1511, 
1512 : 1, 2, 3, 4, 6, 7, 8, 9, 12, 14, 18, 21, 24, 27, 28, 36, 42, 54, 56, 63, 72, 84, 108, 126, 168, 189, 216, 252, 378, 504, 756, 1512, 
1513 : 1, 17, 89, 1513, 
1514 : 1, 2, 757, 1514, 
1515 : 1, 3, 5, 15, 101, 303, 505, 1515, 
1516 : 1, 2, 4, 379, 758, 1516, 
1517 : 1, 37, 41, 1517, 
1518 : 1, 2, 3, 6, 11, 22, 23, 33, 46, 66, 69, 138, 253, 506, 759, 1518, 
1519 : 1, 7, 31, 49, 217, 1519, 
1520 : 1, 2, 4, 5, 8, 10, 16, 19, 20, 38, 40, 76, 80, 95, 152, 190, 304, 380, 760, 1520, 
1521 : 1, 3, 9, 13, 39, 117, 169, 507, 1521, 
1522 : 1, 2, 761, 1522, 
1523 : 1, 1523, 
1524 : 1, 2, 3, 4, 6, 12, 127, 254, 381, 508, 762, 1524, 
1525 : 1, 5, 25, 61, 305, 1525, 
1526 : 1, 2, 7, 14, 109, 218, 763, 1526, 
1527 : 1, 3, 509, 1527, 
1528 : 1, 2, 4, 8, 191, 382, 764, 1528, 
1529 : 1, 11, 139, 1529, 
1530 : 1, 2, 3, 5, 6, 9, 10, 15, 17, 18, 30, 34, 45, 51, 85, 90, 102, 153, 170, 255, 306, 510, 765, 1530, 
1531 : 1, 1531, 
1532 : 1, 2, 4, 383, 766, 1532, 
1533 : 1, 3, 7, 21, 73, 219, 511, 1533, 
1534 : 1, 2, 13, 26, 59, 118, 767, 1534, 
1535 : 1, 5, 307, 1535, 
1536 : 1, 2, 3, 4, 6, 8, 12, 16, 24, 32, 48, 64, 96, 128, 192, 256, 384, 512, 768, 1536, 
1537 : 1, 29, 53, 1537, 
1538 : 1, 2, 769, 1538, 
1539 : 1, 3, 9, 19, 27, 57, 81, 171, 513, 1539, 
1540 : 1, 2, 4, 5, 7, 10, 11, 14, 20, 22, 28, 35, 44, 55, 70, 77, 110, 140, 154, 220, 308, 385, 770, 1540, 
1541 : 1, 23, 67, 1541, 
1542 : 1, 2, 3, 6, 257, 514, 771, 1542, 
1543 : 1, 1543, 
1544 : 1, 2, 4, 8, 193, 386, 772, 1544, 
1545 : 1, 3, 5, 15, 103, 309, 515, 1545, 
1546 : 1, 2, 773, 1546, 
1547 : 1, 7, 13, 17, 91, 119, 221, 1547, 
1548 : 1, 2, 3, 4, 6, 9, 12, 18, 36, 43, 86, 129, 172, 258, 387, 516, 774, 1548, 
1549 : 1, 1549, 
1550 : 1, 2, 5, 10, 25, 31, 50, 62, 155, 310, 775, 1550, 
1551 : 1, 3, 11, 33, 47, 141, 517, 1551, 
1552 : 1, 2, 4, 8, 16, 97, 194, 388, 776, 1552, 
1553 : 1, 1553, 
1554 : 1, 2, 3, 6, 7, 14, 21, 37, 42, 74, 111, 222, 259, 518, 777, 1554, 
1555 : 1, 5, 311, 1555, 
1556 : 1, 2, 4, 389, 778, 1556, 
1557 : 1, 3, 9, 173, 519, 1557, 
1558 : 1, 2, 19, 38, 41, 82, 779, 1558, 
1559 : 1, 1559, 
1560 : 1, 2, 3, 4, 5, 6, 8, 10, 12, 13, 15, 20, 24, 26, 30, 39, 40, 52, 60, 65, 78, 104, 120, 130, 156, 195, 260, 312, 390, 520, 780, 1560, 
1561 : 1, 7, 223, 1561, 
1562 : 1, 2, 11, 22, 71, 142, 781, 1562, 
1563 : 1, 3, 521, 1563, 
1564 : 1, 2, 4, 17, 23, 34, 46, 68, 92, 391, 782, 1564, 
1565 : 1, 5, 313, 1565, 
1566 : 1, 2, 3, 6, 9, 18, 27, 29, 54, 58, 87, 174, 261, 522, 783, 1566, 
1567 : 1, 1567, 
1568 : 1, 2, 4, 7, 8, 14, 16, 28, 32, 49, 56, 98, 112, 196, 224, 392, 784, 1568, 
1569 : 1, 3, 523, 1569, 
1570 : 1, 2, 5, 10, 157, 314, 785, 1570, 
1571 : 1, 1571, 
1572 : 1, 2, 3, 4, 6, 12, 131, 262, 393, 524, 786, 1572, 
1573 : 1, 11, 13, 121, 143, 1573, 
1574 : 1, 2, 787, 1574, 
1575 : 1, 3, 5, 7, 9, 15, 21, 25, 35, 45, 63, 75, 105, 175, 225, 315, 525, 1575, 
1576 : 1, 2, 4, 8, 197, 394, 788, 1576, 
1577 : 1, 19, 83, 1577, 
1578 : 1, 2, 3, 6, 263, 526, 789, 1578, 
1579 : 1, 1579, 
1580 : 1, 2, 4, 5, 10, 20, 79, 158, 316, 395, 790, 1580, 
1581 : 1, 3, 17, 31, 51, 93, 527, 1581, 
1582 : 1, 2, 7, 14, 113, 226, 791, 1582, 
1583 : 1, 1583, 
1584 : 1, 2, 3, 4, 6, 8, 9, 11, 12, 16, 18, 22, 24, 33, 36, 44, 48, 66, 72, 88, 99, 132, 144, 176, 198, 264, 396, 528, 792, 1584, 
1585 : 1, 5, 317, 1585, 
1586 : 1, 2, 13, 26, 61, 122, 793, 1586, 
1587 : 1, 3, 23, 69, 529, 1587, 
1588 : 1, 2, 4, 397, 794, 1588, 
1589 : 1, 7, 227, 1589, 
1590 : 1, 2, 3, 5, 6, 10, 15, 30, 53, 106, 159, 265, 318, 530, 795, 1590, 
1591 : 1, 37, 43, 1591, 
1592 : 1, 2, 4, 8, 199, 398, 796, 1592, 
1593 : 1, 3, 9, 27, 59, 177, 531, 1593, 
1594 : 1, 2, 797, 1594, 
1595 : 1, 5, 11, 29, 55, 145, 319, 1595, 
1596 : 1, 2, 3, 4, 6, 7, 12, 14, 19, 21, 28, 38, 42, 57, 76, 84, 114, 133, 228, 266, 399, 532, 798, 1596, 
1597 : 1, 1597, 
1598 : 1, 2, 17, 34, 47, 94, 799, 1598, 
1599 : 1, 3, 13, 39, 41, 123, 533, 1599, 
1600 : 1, 2, 4, 5, 8, 10, 16, 20, 25, 32, 40, 50, 64, 80, 100, 160, 200, 320, 400, 800, 1600, 
1601 : 1, 1601, 
1602 : 1, 2, 3, 6, 9, 18, 89, 178, 267, 534, 801, 1602, 
1603 : 1, 7, 229, 1603, 
1604 : 1, 2, 4, 401, 802, 1604, 
1605 : 1, 3, 5, 15, 107, 321, 535, 1605, 
1606 : 1, 2, 11, 22, 73, 146, 803, 1606, 
1607 : 1, 1607, 
1608 : 1, 2, 3, 4, 6, 8, 12, 24, 67, 134, 201, 268, 402, 536, 804, 1608, 
1609 : 1, 1609, 
1610 : 1, 2, 5, 7, 10, 14, 23, 35, 46, 70, 115, 161, 230, 322, 805, 1610, 
1611 : 1, 3, 9, 179, 537, 1611, 
1612 : 1, 2, 4, 13, 26, 31, 52, 62, 124, 403, 806, 1612, 
1613 : 1, 1613, 
1614 : 1, 2, 3, 6, 269, 538, 807, 1614, 
1615 : 1, 5, 17, 19, 85, 95, 323, 1615, 
1616 : 1, 2, 4, 8, 16, 101, 202, 404, 808, 1616, 
1617 : 1, 3, 7, 11, 21, 33, 49, 77, 147, 231, 539, 1617, 
1618 : 1, 2, 809, 1618, 
1619 : 1, 1619, 
1620 : 1, 2, 3, 4, 5, 6, 9, 10, 12, 15, 18, 20, 27, 30, 36, 45, 54, 60, 81, 90, 108, 135, 162, 180, 270, 324, 405, 540, 810, 1620, 
1621 : 1, 1621, 
1622 : 1, 2, 811, 1622, 
1623 : 1, 3, 541, 1623, 
1624 : 1, 2, 4, 7, 8, 14, 28, 29, 56, 58, 116, 203, 232, 406, 812, 1624, 
1625 : 1, 5, 13, 25, 65, 125, 325, 1625, 
1626 : 1, 2, 3, 6, 271, 542, 813, 1626, 
1627 : 1, 1627, 
1628 : 1, 2, 4, 11, 22, 37, 44, 74, 148, 407, 814, 1628, 
1629 : 1, 3, 9, 181, 543, 1629, 
1630 : 1, 2, 5, 10, 163, 326, 815, 1630, 
1631 : 1, 7, 233, 1631, 
1632 : 1, 2, 3, 4, 6, 8, 12, 16, 17, 24, 32, 34, 48, 51, 68, 96, 102, 136, 204, 272, 408, 544, 816, 1632, 
1633 : 1, 23, 71, 1633, 
1634 : 1, 2, 19, 38, 43, 86, 817, 1634, 
1635 : 1, 3, 5, 15, 109, 327, 545, 1635, 
1636 : 1, 2, 4, 409, 818, 1636, 
1637 : 1, 1637, 
1638 : 1, 2, 3, 6, 7, 9, 13, 14, 18, 21, 26, 39, 42, 63, 78, 91, 117, 126, 182, 234, 273, 546, 819, 1638, 
1639 : 1, 11, 149, 1639, 
1640 : 1, 2, 4, 5, 8, 10, 20, 40, 41, 82, 164, 205, 328, 410, 820, 1640, 
1641 : 1, 3, 547, 1641, 
1642 : 1, 2, 821, 1642, 
1643 : 1, 31, 53, 1643, 
1644 : 1, 2, 3, 4, 6, 12, 137, 274, 411, 548, 822, 1644, 
1645 : 1, 5, 7, 35, 47, 235, 329, 1645, 
1646 : 1, 2, 823, 1646, 
1647 : 1, 3, 9, 27, 61, 183, 549, 1647, 
1648 : 1, 2, 4, 8, 16, 103, 206, 412, 824, 1648, 
1649 : 1, 17, 97, 1649, 
1650 : 1, 2, 3, 5, 6, 10, 11, 15, 22, 25, 30, 33, 50, 55, 66, 75, 110, 150, 165, 275, 330, 550, 825, 1650, 
1651 : 1, 13, 127, 1651, 
1652 : 1, 2, 4, 7, 14, 28, 59, 118, 236, 413, 826, 1652, 
1653 : 1, 3, 19, 29, 57, 87, 551, 1653, 
1654 : 1, 2, 827, 1654, 
1655 : 1, 5, 331, 1655, 
1656 : 1, 2, 3, 4, 6, 8, 9, 12, 18, 23, 24, 36, 46, 69, 72, 92, 138, 184, 207, 276, 414, 552, 828, 1656, 
1657 : 1, 1657, 
1658 : 1, 2, 829, 1658, 
1659 : 1, 3, 7, 21, 79, 237, 553, 1659, 
1660 : 1, 2, 4, 5, 10, 20, 83, 166, 332, 415, 830, 1660, 
1661 : 1, 11, 151, 1661, 
1662 : 1, 2, 3, 6, 277, 554, 831, 1662, 
1663 : 1, 1663, 
1664 : 1, 2, 4, 8, 13, 16, 26, 32, 52, 64, 104, 128, 208, 416, 832, 1664, 
1665 : 1, 3, 5, 9, 15, 37, 45, 111, 185, 333, 555, 1665, 
1666 : 1, 2, 7, 14, 17, 34, 49, 98, 119, 238, 833, 1666, 
1667 : 1, 1667, 
1668 : 1, 2, 3, 4, 6, 12, 139, 278, 417, 556, 834, 1668, 
1669 : 1, 1669, 
1670 : 1, 2, 5, 10, 167, 334, 835, 1670, 
1671 : 1, 3, 557, 1671, 
1672 : 1, 2, 4, 8, 11, 19, 22, 38, 44, 76, 88, 152, 209, 418, 836, 1672, 
1673 : 1, 7, 239, 1673, 
1674 : 1, 2, 3, 6, 9, 18, 27, 31, 54, 62, 93, 186, 279, 558, 837, 1674, 
1675 : 1, 5, 25, 67, 335, 1675, 
1676 : 1, 2, 4, 419, 838, 1676, 
1677 : 1, 3, 13, 39, 43, 129, 559, 1677, 
1678 : 1, 2, 839, 1678, 
1679 : 1, 23, 73, 1679, 
1680 : 1, 2, 3, 4, 5, 6, 7, 8, 10, 12, 14, 15, 16, 20, 21, 24, 28, 30, 35, 40, 42, 48, 56, 60, 70, 80, 84, 105, 112, 120, 140, 168, 210, 240, 280, 336, 420, 560, 840, 1680, 
1681 : 1, 41, 1681, 
1682 : 1, 2, 29, 58, 841, 1682, 
1683 : 1, 3, 9, 11, 17, 33, 51, 99, 153, 187, 561, 1683, 
1684 : 1, 2, 4, 421, 842, 1684, 
1685 : 1, 5, 337, 1685, 
1686 : 1, 2, 3, 6, 281, 562, 843, 1686, 
1687 : 1, 7, 241, 1687, 
1688 : 1, 2, 4, 8, 211, 422, 844, 1688, 
1689 : 1, 3, 563, 1689, 
1690 : 1, 2, 5, 10, 13, 26, 65, 130, 169, 338, 845, 1690, 
1691 : 1, 19, 89, 1691, 
1692 : 1, 2, 3, 4, 6, 9, 12, 18, 36, 47, 94, 141, 188, 282, 423, 564, 846, 1692, 
1693 : 1, 1693, 
1694 : 1, 2, 7, 11, 14, 22, 77, 121, 154, 242, 847, 1694, 
1695 : 1, 3, 5, 15, 113, 339, 565, 1695, 
1696 : 1, 2, 4, 8, 16, 32, 53, 106, 212, 424, 848, 1696, 
1697 : 1, 1697, 
1698 : 1, 2, 3, 6, 283, 566, 849, 1698, 
1699 : 1, 1699, 
1700 : 1, 2, 4, 5, 10, 17, 20, 25, 34, 50, 68, 85, 100, 170, 340, 425, 850, 1700, 
1701 : 1, 3, 7, 9, 21, 27, 63, 81, 189, 243, 567, 1701, 
1702 : 1, 2, 23, 37, 46, 74, 851, 1702, 
1703 : 1, 13, 131, 1703, 
1704 : 1, 2, 3, 4, 6, 8, 12, 24, 71, 142, 213, 284, 426, 568, 852, 1704, 
1705 : 1, 5, 11, 31, 55, 155, 341, 1705, 
1706 : 1, 2, 853, 1706, 
1707 : 1, 3, 569, 1707, 
1708 : 1, 2, 4, 7, 14, 28, 61, 122, 244, 427, 854, 1708, 
1709 : 1, 1709, 
1710 : 1, 2, 3, 5, 6, 9, 10, 15, 18, 19, 30, 38, 45, 57, 90, 95, 114, 171, 190, 285, 342, 570, 855, 1710, 
1711 : 1, 29, 59, 1711, 
1712 : 1, 2, 4, 8, 16, 107, 214, 428, 856, 1712, 
1713 : 1, 3, 571, 1713, 
1714 : 1, 2, 857, 1714, 
1715 : 1, 5, 7, 35, 49, 245, 343, 1715, 
1716 : 1, 2, 3, 4, 6, 11, 12, 13, 22, 26, 33, 39, 44, 52, 66, 78, 132, 143, 156, 286, 429, 572, 858, 1716, 
1717 : 1, 17, 101, 1717, 
1718 : 1, 2, 859, 1718, 
1719 : 1, 3, 9, 191, 573, 1719, 
1720 : 1, 2, 4, 5, 8, 10, 20, 40, 43, 86, 172, 215, 344, 430, 860, 1720, 
1721 : 1, 1721, 
1722 : 1, 2, 3, 6, 7, 14, 21, 41, 42, 82, 123, 246, 287, 574, 861, 1722, 
1723 : 1, 1723, 
1724 : 1, 2, 4, 431, 862, 1724, 
1725 : 1, 3, 5, 15, 23, 25, 69, 75, 115, 345, 575, 1725, 
1726 : 1, 2, 863, 1726, 
1727 : 1, 11, 157, 1727, 
1728 : 1, 2, 3, 4, 6, 8, 9, 12, 16, 18, 24, 27, 32, 36, 48, 54, 64, 72, 96, 108, 144, 192, 216, 288, 432, 576, 864, 1728, 
1729 : 1, 7, 13, 19, 91, 133, 247, 1729, 
1730 : 1, 2, 5, 10, 173, 346, 865, 1730, 
1731 : 1, 3, 577, 1731, 
1732 : 1, 2, 4, 433, 866, 1732, 
1733 : 1, 1733, 
1734 : 1, 2, 3, 6, 17, 34, 51, 102, 289, 578, 867, 1734, 
1735 : 1, 5, 347, 1735, 
1736 : 1, 2, 4, 7, 8, 14, 28, 31, 56, 62, 124, 217, 248, 434, 868, 1736, 
1737 : 1, 3, 9, 193, 579, 1737, 
1738 : 1, 2, 11, 22, 79, 158, 869, 1738, 
1739 : 1, 37, 47, 1739, 
1740 : 1, 2, 3, 4, 5, 6, 10, 12, 15, 20, 29, 30, 58, 60, 87, 116, 145, 174, 290, 348, 435, 580, 870, 1740, 
1741 : 1, 1741, 
1742 : 1, 2, 13, 26, 67, 134, 871, 1742, 
1743 : 1, 3, 7, 21, 83, 249, 581, 1743, 
1744 : 1, 2, 4, 8, 16, 109, 218, 436, 872, 1744, 
1745 : 1, 5, 349, 1745, 
1746 : 1, 2, 3, 6, 9, 18, 97, 194, 291, 582, 873, 1746, 
1747 : 1, 1747, 
1748 : 1, 2, 4, 19, 23, 38, 46, 76, 92, 437, 874, 1748, 
1749 : 1, 3, 11, 33, 53, 159, 583, 1749, 
1750 : 1, 2, 5, 7, 10, 14, 25, 35, 50, 70, 125, 175, 250, 350, 875, 1750, 
1751 : 1, 17, 103, 1751, 
1752 : 1, 2, 3, 4, 6, 8, 12, 24, 73, 146, 219, 292, 438, 584, 876, 1752, 
1753 : 1, 1753, 
1754 : 1, 2, 877, 1754, 
1755 : 1, 3, 5, 9, 13, 15, 27, 39, 45, 65, 117, 135, 195, 351, 585, 1755, 
1756 : 1, 2, 4, 439, 878, 1756, 
1757 : 1, 7, 251, 1757, 
1758 : 1, 2, 3, 6, 293, 586, 879, 1758, 
1759 : 1, 1759, 
1760 : 1, 2, 4, 5, 8, 10, 11, 16, 20, 22, 32, 40, 44, 55, 80, 88, 110, 160, 176, 220, 352, 440, 880, 1760, 
1761 : 1, 3, 587, 1761, 
1762 : 1, 2, 881, 1762, 
1763 : 1, 41, 43, 1763, 
1764 : 1, 2, 3, 4, 6, 7, 9, 12, 14, 18, 21, 28, 36, 42, 49, 63, 84, 98, 126, 147, 196, 252, 294, 441, 588, 882, 1764, 
1765 : 1, 5, 353, 1765, 
1766 : 1, 2, 883, 1766, 
1767 : 1, 3, 19, 31, 57, 93, 589, 1767, 
1768 : 1, 2, 4, 8, 13, 17, 26, 34, 52, 68, 104, 136, 221, 442, 884, 1768, 
1769 : 1, 29, 61, 1769, 
1770 : 1, 2, 3, 5, 6, 10, 15, 30, 59, 118, 177, 295, 354, 590, 885, 1770, 
1771 : 1, 7, 11, 23, 77, 161, 253, 1771, 
1772 : 1, 2, 4, 443, 886, 1772, 
1773 : 1, 3, 9, 197, 591, 1773, 
1774 : 1, 2, 887, 1774, 
1775 : 1, 5, 25, 71, 355, 1775, 
1776 : 1, 2, 3, 4, 6, 8, 12, 16, 24, 37, 48, 74, 111, 148, 222, 296, 444, 592, 888, 1776, 
1777 : 1, 1777, 
1778 : 1, 2, 7, 14, 127, 254, 889, 1778, 
1779 : 1, 3, 593, 1779, 
1780 : 1, 2, 4, 5, 10, 20, 89, 178, 356, 445, 890, 1780, 
1781 : 1, 13, 137, 1781, 
1782 : 1, 2, 3, 6, 9, 11, 18, 22, 27, 33, 54, 66, 81, 99, 162, 198, 297, 594, 891, 1782, 
1783 : 1, 1783, 
1784 : 1, 2, 4, 8, 223, 446, 892, 1784, 
1785 : 1, 3, 5, 7, 15, 17, 21, 35, 51, 85, 105, 119, 255, 357, 595, 1785, 
1786 : 1, 2, 19, 38, 47, 94, 893, 1786, 
1787 : 1, 1787, 
1788 : 1, 2, 3, 4, 6, 12, 149, 298, 447, 596, 894, 1788, 
1789 : 1, 1789, 
1790 : 1, 2, 5, 10, 179, 358, 895, 1790, 
1791 : 1, 3, 9, 199, 597, 1791, 
1792 : 1, 2, 4, 7, 8, 14, 16, 28, 32, 56, 64, 112, 128, 224, 256, 448, 896, 1792, 
1793 : 1, 11, 163, 1793, 
1794 : 1, 2, 3, 6, 13, 23, 26, 39, 46, 69, 78, 138, 299, 598, 897, 1794, 
1795 : 1, 5, 359, 1795, 
1796 : 1, 2, 4, 449, 898, 1796, 
1797 : 1, 3, 599, 1797, 
1798 : 1, 2, 29, 31, 58, 62, 899, 1798, 
1799 : 1, 7, 257, 1799, 
1800 : 1, 2, 3, 4, 5, 6, 8, 9, 10, 12, 15, 18, 20, 24, 25, 30, 36, 40, 45, 50, 60, 72, 75, 90, 100, 120, 150, 180, 200, 225, 300, 360, 450, 600, 900, 1800, 
1801 : 1, 1801, 
1802 : 1, 2, 17, 34, 53, 106, 901, 1802, 
1803 : 1, 3, 601, 1803, 
1804 : 1, 2, 4, 11, 22, 41, 44, 82, 164, 451, 902, 1804, 
1805 : 1, 5, 19, 95, 361, 1805, 
1806 : 1, 2, 3, 6, 7, 14, 21, 42, 43, 86, 129, 258, 301, 602, 903, 1806, 
1807 : 1, 13, 139, 1807, 
1808 : 1, 2, 4, 8, 16, 113, 226, 452, 904, 1808, 
1809 : 1, 3, 9, 27, 67, 201, 603, 1809, 
1810 : 1, 2, 5, 10, 181, 362, 905, 1810, 
1811 : 1, 1811, 
1812 : 1, 2, 3, 4, 6, 12, 151, 302, 453, 604, 906, 1812, 
1813 : 1, 7, 37, 49, 259, 1813, 
1814 : 1, 2, 907, 1814, 
1815 : 1, 3, 5, 11, 15, 33, 55, 121, 165, 363, 605, 1815, 
1816 : 1, 2, 4, 8, 227, 454, 908, 1816, 
1817 : 1, 23, 79, 1817, 
1818 : 1, 2, 3, 6, 9, 18, 101, 202, 303, 606, 909, 1818, 
1819 : 1, 17, 107, 1819, 
1820 : 1, 2, 4, 5, 7, 10, 13, 14, 20, 26, 28, 35, 52, 65, 70, 91, 130, 140, 182, 260, 364, 455, 910, 1820, 
1821 : 1, 3, 607, 1821, 
1822 : 1, 2, 911, 1822, 
1823 : 1, 1823, 
1824 : 1, 2, 3, 4, 6, 8, 12, 16, 19, 24, 32, 38, 48, 57, 76, 96, 114, 152, 228, 304, 456, 608, 912, 1824, 
1825 : 1, 5, 25, 73, 365, 1825, 
1826 : 1, 2, 11, 22, 83, 166, 913, 1826, 
1827 : 1, 3, 7, 9, 21, 29, 63, 87, 203, 261, 609, 1827, 
1828 : 1, 2, 4, 457, 914, 1828, 
1829 : 1, 31, 59, 1829, 
1830 : 1, 2, 3, 5, 6, 10, 15, 30, 61, 122, 183, 305, 366, 610, 915, 1830, 
1831 : 1, 1831, 
1832 : 1, 2, 4, 8, 229, 458, 916, 1832, 
1833 : 1, 3, 13, 39, 47, 141, 611, 1833, 
1834 : 1, 2, 7, 14, 131, 262, 917, 1834, 
1835 : 1, 5, 367, 1835, 
1836 : 1, 2, 3, 4, 6, 9, 12, 17, 18, 27, 34, 36, 51, 54, 68, 102, 108, 153, 204, 306, 459, 612, 918, 1836, 
1837 : 1, 11, 167, 1837, 
1838 : 1, 2, 919, 1838, 
1839 : 1, 3, 613, 1839, 
1840 : 1, 2, 4, 5, 8, 10, 16, 20, 23, 40, 46, 80, 92, 115, 184, 230, 368, 460, 920, 1840, 
1841 : 1, 7, 263, 1841, 
1842 : 1, 2, 3, 6, 307, 614, 921, 1842, 
1843 : 1, 19, 97, 1843, 
1844 : 1, 2, 4, 461, 922, 1844, 
1845 : 1, 3, 5, 9, 15, 41, 45, 123, 205, 369, 615, 1845, 
1846 : 1, 2, 13, 26, 71, 142, 923, 1846, 
1847 : 1, 1847, 
1848 : 1, 2, 3, 4, 6, 7, 8, 11, 12, 14, 21, 22, 24, 28, 33, 42, 44, 56, 66, 77, 84, 88, 132, 154, 168, 231, 264, 308, 462, 616, 924, 1848, 
1849 : 1, 43, 1849, 
1850 : 1, 2, 5, 10, 25, 37, 50, 74, 185, 370, 925, 1850, 
1851 : 1, 3, 617, 1851, 
1852 : 1, 2, 4, 463, 926, 1852, 
1853 : 1, 17, 109, 1853, 
1854 : 1, 2, 3, 6, 9, 18, 103, 206, 309, 618, 927, 1854, 
1855 : 1, 5, 7, 35, 53, 265, 371, 1855, 
1856 : 1, 2, 4, 8, 16, 29, 32, 58, 64, 116, 232, 464, 928, 1856, 
1857 : 1, 3, 619, 1857, 
1858 : 1, 2, 929, 1858, 
1859 : 1, 11, 13, 143, 169, 1859, 
1860 : 1, 2, 3, 4, 5, 6, 10, 12, 15, 20, 30, 31, 60, 62, 93, 124, 155, 186, 310, 372, 465, 620, 930, 1860, 
1861 : 1, 1861, 
1862 : 1, 2, 7, 14, 19, 38, 49, 98, 133, 266, 931, 1862, 
1863 : 1, 3, 9, 23, 27, 69, 81, 207, 621, 1863, 
1864 : 1, 2, 4, 8, 233, 466, 932, 1864, 
1865 : 1, 5, 373, 1865, 
1866 : 1, 2, 3, 6, 311, 622, 933, 1866, 
1867 : 1, 1867, 
1868 : 1, 2, 4, 467, 934, 1868, 
1869 : 1, 3, 7, 21, 89, 267, 623, 1869, 
1870 : 1, 2, 5, 10, 11, 17, 22, 34, 55, 85, 110, 170, 187, 374, 935, 1870, 
1871 : 1, 1871, 
1872 : 1, 2, 3, 4, 6, 8, 9, 12, 13, 16, 18, 24, 26, 36, 39, 48, 52, 72, 78, 104, 117, 144, 156, 208, 234, 312, 468, 624, 936, 1872, 
1873 : 1, 1873, 
1874 : 1, 2, 937, 1874, 
1875 : 1, 3, 5, 15, 25, 75, 125, 375, 625, 1875, 
1876 : 1, 2, 4, 7, 14, 28, 67, 134, 268, 469, 938, 1876, 
1877 : 1, 1877, 
1878 : 1, 2, 3, 6, 313, 626, 939, 1878, 
1879 : 1, 1879, 
1880 : 1, 2, 4, 5, 8, 10, 20, 40, 47, 94, 188, 235, 376, 470, 940, 1880, 
1881 : 1, 3, 9, 11, 19, 33, 57, 99, 171, 209, 627, 1881, 
1882 : 1, 2, 941, 1882, 
1883 : 1, 7, 269, 1883, 
1884 : 1, 2, 3, 4, 6, 12, 157, 314, 471, 628, 942, 1884, 
1885 : 1, 5, 13, 29, 65, 145, 377, 1885, 
1886 : 1, 2, 23, 41, 46, 82, 943, 1886, 
1887 : 1, 3, 17, 37, 51, 111, 629, 1887, 
1888 : 1, 2, 4, 8, 16, 32, 59, 118, 236, 472, 944, 1888, 
1889 : 1, 1889, 
1890 : 1, 2, 3, 5, 6, 7, 9, 10, 14, 15, 18, 21, 27, 30, 35, 42, 45, 54, 63, 70, 90, 105, 126, 135, 189, 210, 270, 315, 378, 630, 945, 1890, 
1891 : 1, 31, 61, 1891, 
1892 : 1, 2, 4, 11, 22, 43, 44, 86, 172, 473, 946, 1892, 
1893 : 1, 3, 631, 1893, 
1894 : 1, 2, 947, 1894, 
1895 : 1, 5, 379, 1895, 
1896 : 1, 2, 3, 4, 6, 8, 12, 24, 79, 158, 237, 316, 474, 632, 948, 1896, 
1897 : 1, 7, 271, 1897, 
1898 : 1, 2, 13, 26, 73, 146, 949, 1898, 
1899 : 1, 3, 9, 211, 633, 1899, 
1900 : 1, 2, 4, 5, 10, 19, 20, 25, 38, 50, 76, 95, 100, 190, 380, 475, 950, 1900, 
1901 : 1, 1901, 
1902 : 1, 2, 3, 6, 317, 634, 951, 1902, 
1903 : 1, 11, 173, 1903, 
1904 : 1, 2, 4, 7, 8, 14, 16, 17, 28, 34, 56, 68, 112, 119, 136, 238, 272, 476, 952, 1904, 
1905 : 1, 3, 5, 15, 127, 381, 635, 1905, 
1906 : 1, 2, 953, 1906, 
1907 : 1, 1907, 
1908 : 1, 2, 3, 4, 6, 9, 12, 18, 36, 53, 106, 159, 212, 318, 477, 636, 954, 1908, 
1909 : 1, 23, 83, 1909, 
1910 : 1, 2, 5, 10, 191, 382, 955, 1910, 
1911 : 1, 3, 7, 13, 21, 39, 49, 91, 147, 273, 637, 1911, 
1912 : 1, 2, 4, 8, 239, 478, 956, 1912, 
1913 : 1, 1913, 
1914 : 1, 2, 3, 6, 11, 22, 29, 33, 58, 66, 87, 174, 319, 638, 957, 1914, 
1915 : 1, 5, 383, 1915, 
1916 : 1, 2, 4, 479, 958, 1916, 
1917 : 1, 3, 9, 27, 71, 213, 639, 1917, 
1918 : 1, 2, 7, 14, 137, 274, 959, 1918, 
1919 : 1, 19, 101, 1919, 
1920 : 1, 2, 3, 4, 5, 6, 8, 10, 12, 15, 16, 20, 24, 30, 32, 40, 48, 60, 64, 80, 96, 120, 128, 160, 192, 240, 320, 384, 480, 640, 960, 1920, 
1921 : 1, 17, 113, 1921, 
1922 : 1, 2, 31, 62, 961, 1922, 
1923 : 1, 3, 641, 1923, 
1924 : 1, 2, 4, 13, 26, 37, 52, 74, 148, 481, 962, 1924, 
1925 : 1, 5, 7, 11, 25, 35, 55, 77, 175, 275, 385, 1925, 
1926 : 1, 2, 3, 6, 9, 18, 107, 214, 321, 642, 963, 1926, 
1927 : 1, 41, 47, 1927, 
1928 : 1, 2, 4, 8, 241, 482, 964, 1928, 
1929 : 1, 3, 643, 1929, 
1930 : 1, 2, 5, 10, 193, 386, 965, 1930, 
1931 : 1, 1931, 
1932 : 1, 2, 3, 4, 6, 7, 12, 14, 21, 23, 28, 42, 46, 69, 84, 92, 138, 161, 276, 322, 483, 644, 966, 1932, 
1933 : 1, 1933, 
1934 : 1, 2, 967, 1934, 
1935 : 1, 3, 5, 9, 15, 43, 45, 129, 215, 387, 645, 1935, 
1936 : 1, 2, 4, 8, 11, 16, 22, 44, 88, 121, 176, 242, 484, 968, 1936, 
1937 : 1, 13, 149, 1937, 
1938 : 1, 2, 3, 6, 17, 19, 34, 38, 51, 57, 102, 114, 323, 646, 969, 1938, 
1939 : 1, 7, 277, 1939, 
1940 : 1, 2, 4, 5, 10, 20, 97, 194, 388, 485, 970, 1940, 
1941 : 1, 3, 647, 1941, 
1942 : 1, 2, 971, 1942, 
1943 : 1, 29, 67, 1943, 
1944 : 1, 2, 3, 4, 6, 8, 9, 12, 18, 24, 27, 36, 54, 72, 81, 108, 162, 216, 243, 324, 486, 648, 972, 1944, 
1945 : 1, 5, 389, 1945, 
1946 : 1, 2, 7, 14, 139, 278, 973, 1946, 
1947 : 1, 3, 11, 33, 59, 177, 649, 1947, 
1948 : 1, 2, 4, 487, 974, 1948, 
1949 : 1, 1949, 
1950 : 1, 2, 3, 5, 6, 10, 13, 15, 25, 26, 30, 39, 50, 65, 75, 78, 130, 150, 195, 325, 390, 650, 975, 1950, 
1951 : 1, 1951, 
1952 : 1, 2, 4, 8, 16, 32, 61, 122, 244, 488, 976, 1952, 
1953 : 1, 3, 7, 9, 21, 31, 63, 93, 217, 279, 651, 1953, 
1954 : 1, 2, 977, 1954, 
1955 : 1, 5, 17, 23, 85, 115, 391, 1955, 
1956 : 1, 2, 3, 4, 6, 12, 163, 326, 489, 652, 978, 1956, 
1957 : 1, 19, 103, 1957, 
1958 : 1, 2, 11, 22, 89, 178, 979, 1958, 
1959 : 1, 3, 653, 1959, 
1960 : 1, 2, 4, 5, 7, 8, 10, 14, 20, 28, 35, 40, 49, 56, 70, 98, 140, 196, 245, 280, 392, 490, 980, 1960, 
1961 : 1, 37, 53, 1961, 
1962 : 1, 2, 3, 6, 9, 18, 109, 218, 327, 654, 981, 1962, 
1963 : 1, 13, 151, 1963, 
1964 : 1, 2, 4, 491, 982, 1964, 
1965 : 1, 3, 5, 15, 131, 393, 655, 1965, 
1966 : 1, 2, 983, 1966, 
1967 : 1, 7, 281, 1967, 
1968 : 1, 2, 3, 4, 6, 8, 12, 16, 24, 41, 48, 82, 123, 164, 246, 328, 492, 656, 984, 1968, 
1969 : 1, 11, 179, 1969, 
1970 : 1, 2, 5, 10, 197, 394, 985, 1970, 
1971 : 1, 3, 9, 27, 73, 219, 657, 1971, 
1972 : 1, 2, 4, 17, 29, 34, 58, 68, 116, 493, 986, 1972, 
1973 : 1, 1973, 
1974 : 1, 2, 3, 6, 7, 14, 21, 42, 47, 94, 141, 282, 329, 658, 987, 1974, 
1975 : 1, 5, 25, 79, 395, 1975, 
1976 : 1, 2, 4, 8, 13, 19, 26, 38, 52, 76, 104, 152, 247, 494, 988, 1976, 
1977 : 1, 3, 659, 1977, 
1978 : 1, 2, 23, 43, 46, 86, 989, 1978, 
1979 : 1, 1979, 
1980 : 1, 2, 3, 4, 5, 6, 9, 10, 11, 12, 15, 18, 20, 22, 30, 33, 36, 44, 45, 55, 60, 66, 90, 99, 110, 132, 165, 180, 198, 220, 330, 396, 495, 660, 990, 1980, 
1981 : 1, 7, 283, 1981, 
1982 : 1, 2, 991, 1982, 
1983 : 1, 3, 661, 1983, 
1984 : 1, 2, 4, 8, 16, 31, 32, 62, 64, 124, 248, 496, 992, 1984, 
1985 : 1, 5, 397, 1985, 
1986 : 1, 2, 3, 6, 331, 662, 993, 1986, 
1987 : 1, 1987, 
1988 : 1, 2, 4, 7, 14, 28, 71, 142, 284, 497, 994, 1988, 
1989 : 1, 3, 9, 13, 17, 39, 51, 117, 153, 221, 663, 1989, 
1990 : 1, 2, 5, 10, 199, 398, 995, 1990, 
1991 : 1, 11, 181, 1991, 
1992 : 1, 2, 3, 4, 6, 8, 12, 24, 83, 166, 249, 332, 498, 664, 996, 1992, 
1993 : 1, 1993, 
1994 : 1, 2, 997, 1994, 
1995 : 1, 3, 5, 7, 15, 19, 21, 35, 57, 95, 105, 133, 285, 399, 665, 1995, 
1996 : 1, 2, 4, 499, 998, 1996, 
1997 : 1, 1997, 
1998 : 1, 2, 3, 6, 9, 18, 27, 37, 54, 74, 111, 222, 333, 666, 999, 1998, 
1999 : 1, 1999, 
2000 : 1, 2, 4, 5, 8, 10, 16, 20, 25, 40, 50, 80, 100, 125, 200, 250, 400, 500, 1000, 2000, 
