X		   Y
5,1822550184816869 4,2119461523993573
-7,9589561262646997 -2,1970135054883970
-8,2857867320634622 -2,8987867871937469
2,5939501409253047 2,0416728047767512
3,1547342133987737 3,2151862432861251
-9,3114671517831820 -2,5485291616103174
3,4525240729302964 2,4866446889594256
2,3275816173204658 3,2927932046100681
4,3208302809165566 2,7418113001942745
-7,8363503084590551 -2,3814509157750376
3,0450047775888178 2,4448687492366492
3,9377337997652195 2,9016941912073753
3,7115444982252086 3,4734665153002124
-8,4814447531341841 -3,2116578101896458
4,8454288688406653 1,5023537688533148
4,2282937895520547 4,3724506563252961
-8,9663595257556903 -2,6770922755602355
3,4548772449639356 2,9899536008973824
-8,6788888685791505 -3,2948143725202339
4,4040895600977992 3,5507413259370173
-7,8252841099237429 -2,4180875494018048
-7,6984180244918301 -4,8089873304519175
4,5054843158056892 3,4654435899967320
-7,9851181906890121 -2,6896198211051079
-8,3335540396525438 -5,0138267696908994
3,7376958628068775 2,4511721529629229
3,0218839669606394 4,6203255237015277
5,5263555113262317 1,3885206985404877
4,4982075767394667 3,6646583848116001
-6,7183227324034753 -2,6695870291099544
2,5865310253848328 3,4833748543573186
4,0758189209913560 4,3399889495819401
-8,8371473941388725 -3,3850083458574192
3,1994587952743694 4,2395540062224697
-6,4657885259444470 -2,6483452856661973
3,8382388097558491 2,1632952753764130
5,1988351360298370 4,5047949538281662
-7,7041401794878341 -4,5427095513764000
-8,3029764984327681 -1,8864911175538590
-7,6811647050059744 -3,4377006066832245
3,7301582353813405 3,4565830141560738
-7,9403184134587788 -2,3720744348644969
-7,4668087362764588 -3,2850202516411073
-9,0294965578484803 -4,2879007164722474
-7,7956694223627103 -2,3450422560474982
-6,7795502398998577 -4,3660563873500591
1,3489051046426344 3,4598474750143335
2,1892360489000477 4,5057301246434465
5,3544475548644010 2,6157887713116112
4,1781687712778828 1,9082425723457692
-7,7669049003237740 -2,9071679056636475
-7,8392640309317319 -3,9522640041323087
-8,5368141435109663 -3,2997698590753468
3,0511116389834436 1,9752173680808007
5,0609759527316189 4,8536739727917180
-8,5371202671327531 -3,5318749490766548
-5,6347734925637516 -2,0715347539020219
4,8663416744689014 3,2527766476549616
-6,5336811410196187 -0,7410763826330520
-7,6016279164168523 -3,1106761771344740
-8,0276431378927811 -3,6655974480732048
4,0090256275391045 2,5577946251083121
-8,5039029174139209 -3,6064688749572658
-6,5446982414248698 -2,3294911738879120
3,0917225337194751 3,8675470107305405
3,9804965390823210 2,3566842163036457
4,4802970411621663 3,2021571655244920
-7,8969045386819916 -1,4264247079366783
3,8408801257729239 2,0274449603369424
4,4679815347123544 2,9910890461030997
3,9733608923057711 2,6941146942485599
-8,4896416567472812 -3,5628419801046385
-8,7513693636306549 -2,3549764448948798
4,7548742901968213 2,3835435199626085
-9,2651784861681037 -2,5966730563235112
-8,1803482444663320 -1,8816444017492577
-8,2919217480518164 -4,7121709257112698
-8,6914219722394854 -2,8414812995326151
-7,4949303500901587 -4,7381118142457321
4,9098158467591082 2,5875816451944256
6,1519916392459866 5,0606904104473953
-9,4642030048872439 -3,5899664225582195
3,6916589715972887 5,3400827093725134
2,9167523645954763 4,1683133758155657
-5,9428552483890584 -3,1241647580776730
3,0648964178936433 2,8345620233426185
4,1166041306115924 3,1577353877121941
-8,1904116778339873 -2,5399560582325380
-7,9070189021863131 -2,8039261790930237
4,6832431371760670 2,6847543764645736
-6,6361450388447105 -3,4733923499631900
-6,3357658282030371 -3,8479579954210386
-9,9363549770492039 -3,0610262792854490
-7,7771134496028536 -1,4576776820316937
4,9820366849666087 3,0956493611282374
-8,3899200677672301 -2,4158411977050811
4,2549089721588143 3,9404242811349213
-9,0284145549196158 -1,2058362111550547
1,6476087307143805 2,9453920014230364
5,5843175616980396 2,8131808888060590
