10,341298 -38,837077
11,763806 -39,173036
-17,991252 3,585286
-16,764205 8,531443
-16,687940 6,714602
11,891149 -37,548354
-17,219797 5,622602
-14,910572 6,509987
-19,226508 4,170790
-17,614998 7,846561
10,753361 -40,365435
8,789005 -38,965927
-18,032409 5,485115
10,972741 -38,958379
8,762893 -40,566017
10,653323 -40,015539
11,399020 -37,910989
11,300737 -40,189915
-18,065759 6,950604
-18,294707 8,220170
-16,394979 4,188142
12,996279 -38,432220
11,587337 -38,866871
10,103679 -41,488140
8,695464 -39,212048
-19,684668 4,423308
10,652239 -40,487915
11,920063 -38,885256
-17,469580 6,266037
10,305459 -38,689023
-16,321297 8,464855
-17,822355 3,930730
-16,445951 6,899309
-15,371869 5,463456
11,381277 -36,746079
-17,683616 5,842020
-19,997314 5,527108
10,405806 -40,575165
-16,900939 3,893234
-16,886806 4,870485
-16,137994 7,197849
-15,979661 6,874068
10,996060 -39,537298
-15,043968 7,475619
9,613631 -40,982625
-15,672936 6,437327
12,434811 -38,782790
-17,169132 4,762162
-17,761919 6,803121
11,203137 -39,290827
-15,710980 6,564113
12,248428 -38,709000
-14,784467 7,733846
11,854705 -39,328319
-17,794983 7,353816
-17,808893 5,831484
12,414588 -38,242857
8,754235 -39,152494
11,600065 -38,136346
-16,870932 7,369937
-16,596007 6,284784
11,709449 -38,981909
11,788034 -39,434955
10,055796 -37,884340
-16,955068 4,655531
10,965545 -37,306154
11,197570 -37,278312
-17,764432 7,586476
9,933515 -38,661785
10,711858 -39,410273
11,416383 -38,863098
-16,734714 5,639013
8,326984 -39,358011
11,644647 -38,919006
-19,194215 5,605667
10,909528 -40,213737
-17,428791 4,076676
-15,442173 6,477262
-16,736903 6,257222
12,523471 -39,442553
12,746199 -39,393658
11,108077 -39,886216
-15,886186 4,854855
10,784689 -39,415050
-17,299879 7,699348
-16,184501 6,050129
-18,117662 8,268892
10,575463 -39,602137
-15,306810 8,160017
-15,875587 6,500762
-18,017023 5,875756
9,782319 -38,398219
-19,005772 5,594944
10,599335 -36,309804
-17,164947 7,244401
-18,970241 5,332263
12,807906 -38,137241
9,721008 -40,245264
10,948838 -39,533355
12,458963 -40,622217
-16,373977 7,750123
11,376625 -37,895254
10,397029 -39,464030
10,259371 -40,066840
-16,028150 6,338435
12,292188 -37,700510
11,184644 -39,074673
12,319556 -39,653636
10,433982 -41,376996
-19,070026 6,550434
-18,876530 6,123483
10,178633 -38,769537
10,525613 -38,821188
-16,555553 7,467880
-16,460228 6,257889
-15,459583 5,319350
11,470868 -41,075430
-16,039675 7,736662
10,680709 -40,622344
-18,714517 8,520134
-15,125072 7,792487
-17,977647 5,487925
11,658903 -39,598039
9,579208 -38,538329
-17,121290 6,433929
-17,713695 6,369556
-18,193638 6,920015
11,961503 -38,825844
-18,662550 5,764058
-15,627678 7,303161
12,610782 -38,805335
-18,170260 5,009558
-18,743449 8,248543
10,858101 -38,034919
8,393553 -41,128041
11,086346 -39,449477
11,308657 -38,516986
9,498448 -39,986168
-18,901744 7,338836
-16,368164 4,432885
-16,165352 7,219014
-18,094265 4,941042
-17,869802 7,152737
-17,351759 8,439272
-15,437362 5,446232
8,539693 -41,531289
11,544750 -36,579947
10,883649 -38,455324
10,290558 -36,959863
9,954659 -36,287861
-17,714499 3,939982
12,169798 -37,343274
12,157845 -40,104739
10,603497 -39,365152
-18,853294 8,143102
12,598637 -39,730052
-17,669000 8,104970
-18,805808 4,592493
-17,807177 5,586116
-16,503229 6,066056
11,598452 -37,170763
-16,097703 6,195402
11,209695 -38,438380
11,090994 -37,814290
-18,283158 5,917208
-17,124150 4,663880
-15,552624 6,641256
-19,003310 4,715650
11,799242 -40,306230
-17,455240 4,297494
-19,666557 6,428604
9,184012 -40,767062
-15,674306 8,345434
-18,055943 7,235809
12,688831 -38,640876
11,260285 -39,363031
-16,596219 6,185814
11,053306 -38,639902
13,005332 -41,149698
-16,101890 4,631379
11,800944 -39,877123
8,276969 -40,173169
-15,130212 7,458941
-16,078789 4,245419
-16,550292 7,054450
-16,806428 3,347670
11,453440 -36,912132
11,715060 -38,521304
9,287907 -38,184964
9,051501 -39,796283
12,546535 -40,817742
-18,353624 6,515266
10,172953 -39,493992
-18,812989 6,220465
9,611471 -37,271632
9,427941 -37,565977
