-46,074574 17,667101
-47,763791 18,950344
29,035385 21,339069
-43,891268 18,388841
41,409653 -27,127891
27,710790 22,452609
26,865050 22,421890
28,650520 21,211456
-46,821529 18,594200
-45,771148 21,860557
26,659059 21,779513
29,438827 21,395023
26,173006 20,187898
-47,326530 19,349597
29,355598 22,387367
27,323552 20,911007
44,119925 -26,103247
41,259751 -27,973804
-47,631471 21,784552
27,765787 22,216672
29,081535 21,525487
29,441325 19,785151
-48,690750 20,920724
-46,310679 18,362314
28,315709 22,366912
43,757106 -26,470408
-46,767900 19,438599
27,904517 22,570468
30,547669 22,250658
-46,909914 19,913378
43,102191 -26,411221
-46,121208 17,705127
-46,180223 21,334230
-47,041972 21,334957
29,656397 20,890029
-46,195029 17,719843
42,107085 -25,908027
-47,261845 19,730111
-47,533842 17,899280
-44,091976 19,827591
40,321114 -26,459336
29,675535 20,739379
40,035135 -25,558425
30,059104 23,020338
-46,924991 17,699950
-47,612453 18,849190
40,972820 -24,122842
28,615890 21,832996
-44,598175 20,355159
26,202734 21,006888
40,195283 -26,597780
43,912660 -27,436296
40,667099 -25,464383
42,621964 -26,932685
26,747613 19,400928
-48,036853 20,843554
-46,593421 21,302756
41,737887 -25,381799
28,581955 22,416499
39,179531 -26,607991
30,067247 21,999887
29,098357 21,620387
-48,690281 21,322716
-47,276756 17,570184
-45,651498 20,488574
30,611545 21,710195
42,522568 -26,898815
-46,243072 20,059933
-46,288215 21,201667
28,812563 23,529199
41,420122 -27,484165
39,870053 -28,807722
28,990044 20,749762
28,286528 21,937987
29,090471 22,590839
27,495815 22,206289
28,766590 23,504199
29,382894 20,619293
42,195415 -26,984123
-47,757105 19,765729
30,038689 21,892550
28,639950 20,850691
40,598148 -27,864129
-46,802843 19,405647
28,892775 19,901845
27,859882 22,710577
-45,794382 21,497389
26,810699 21,718874
27,672859 19,675923
-47,704343 19,894877
29,132901 22,805100
28,571684 21,458106
28,501157 21,504403
29,843618 20,374141
42,069337 -26,105697
-45,076052 18,965221
-47,353172 17,857201
29,526601 21,894914
41,567508 -27,013697
28,753948 19,765476
-46,659191 18,584466
-47,230611 19,013395
41,979115 -26,500466
40,537955 -27,381072
-48,546776 17,690277
-44,405108 18,625274
-45,388891 17,732432
27,461821 22,900467
43,384704 -25,703648
41,492278 -26,740827
-46,685819 19,713760
43,025952 -25,129384
43,012489 -28,529606
-45,753828 18,560417
-46,200500 16,877723
27,827955 22,173843
-47,352781 18,057253
28,587718 19,658233
-45,776922 19,416410
43,670156 -25,498590
27,502782 23,205910
26,854230 21,314933
41,224809 -27,993888
29,260276 21,086617
40,646244 -25,066528
42,424987 -28,349652
41,342808 -27,105682
39,275457 -26,159879
-44,276894 18,060166
27,535280 20,106191
29,680412 19,957034
30,000466 21,247398
-46,455865 18,495910
-46,138779 20,822036
28,219160 23,492364
-44,231747 19,845874
27,927614 20,279045
-45,770272 19,678130
43,101146 -26,495051
-45,006892 17,224059
41,847878 -27,692944
29,641562 20,152965
42,081868 -25,838198
28,211139 20,292400
-48,542458 19,062286
25,968890 20,524996
30,375577 20,407879
27,256708 21,854181
42,711005 -24,687651
39,279195 -27,699443
-45,725423 20,672137
28,556882 22,512055
42,767172 -25,087913
30,123928 21,245570
38,732152 -26,154587
27,513489 20,667455
40,815748 -26,980146
39,709640 -25,546389
41,919230 -27,331258
-44,870101 19,033962
-46,433087 18,188272
41,273224 -26,354087
-46,086286 18,890913
42,497664 -26,553361
42,172651 -26,905987
42,211880 -26,737484
30,415172 22,589046
-44,242902 19,800571
42,761936 -26,382610
27,388771 22,134800
27,890632 22,798968
40,113954 -25,804191
-46,036443 18,635352
41,736892 -28,389387
41,422093 -27,440940
27,768364 20,405942
26,168423 18,623115
-46,279652 21,423453
40,290601 -27,940813
-47,316706 19,313349
27,878642 20,830126
28,543250 21,180528
26,552420 23,670726
-45,673421 19,254298
25,780919 22,464515
27,184502 20,723188
-47,805812 18,896819
40,253002 -26,847629
-46,591064 18,767343
26,862320 21,754670
28,604611 22,283461
-47,803799 17,853797
42,484039 -26,838758
-43,784142 19,056124
40,119054 -27,343354
40,039947 -25,894076
28,555806 22,955260
25,767948 21,502612
27,977484 20,826663
-45,241875 17,357396
29,750653 23,910045
-44,833606 20,214864
-44,340068 19,719865
28,911209 21,769822
42,732915 -24,692237
-45,957294 19,257111
27,327017 21,420440
28,735087 21,221370
-46,413899 20,985657
-47,295237 19,406596
41,996877 -28,058710
42,557402 -28,319863
28,977269 21,878865
42,174516 -26,863854
40,363436 -25,271800
-46,010939 20,615392
43,650636 -26,942747
30,564746 20,951021
-47,604344 17,154253
27,485451 22,143627
29,500353 22,277679
39,616719 -26,824886
30,733739 20,455613
42,004115 -28,650855
28,480314 22,587463
40,658850 -27,482237
-46,496570 20,758381
-47,053588 21,410259
27,624995 21,373933
39,564890 -26,530846
30,202430 21,045618
-44,699148 19,787526
26,807529 22,690572
-45,955159 16,807791
25,899456 20,888574
28,924845 20,769708
26,592708 23,438495
-47,052631 17,483809
-45,004013 20,419897
-43,991623 20,131276
26,390549 24,131465
-45,161906 18,367476
-46,276708 20,082429
41,942350 -24,815287
29,966436 21,111698
29,016930 21,037084
29,201503 20,785706
-44,982102 19,062834
26,245683 21,297116
29,031492 19,978817
40,547945 -26,394973
28,765657 21,075590
-43,998419 17,331932
-47,041441 20,129731
41,403580 -25,747007
28,643656 19,379754
41,313388 -28,194282
39,055634 -26,409940
-46,273597 19,938796
40,093116 -26,821100
28,296045 19,358757
43,052536 -26,594880
30,668436 21,402955
28,546228 20,478309
40,818047 -28,127838
-47,248837 19,395082
27,439826 21,843205
41,173078 -27,624712
38,471788 -27,720550
41,367531 -28,231123
25,871334 21,224853
-46,916298 18,474700
40,489567 -26,073447
43,822688 -26,996694
-44,074864 18,679529
41,309707 -25,698122
-47,084710 19,516684
39,493838 -26,919983
26,273338 20,690809
-45,955626 19,468920
38,650301 -26,286679
41,448517 -28,226442
28,339313 20,433022
26,939837 22,822647
-47,616979 18,658731
-46,416478 20,710198
42,380678 -26,045095
-46,257192 19,361303
28,655786 21,925746
28,382749 20,703499
40,305046 -26,867990
29,139860 21,076555
27,557439 22,268080
30,360468 19,613921
40,608977 -25,774919
43,233041 -27,385241
41,357508 -27,549602
-17,834114 -1,080981
-4,726780 -2,057660
-15,405813 -3,664919
28,099962 -1,833534
